13281,3238,7882,6056,10593,5675,5054,5341,7254,11039,16682,13710,17565,4307,14794,15579,14975,19872,8477,7205,4841,3584.5,12451,6011,9311,10473,17263,6613,6261,8801.5,11342,12351,18944,19013,19518
11787,9309,15060,5647,5698,17035,13603,11083,4175,18727,14495,12364,9692,18500,11438,6493,7706,7668,13921,11707,11624,3055,10687,6386,17470,17178,5344,3676,12750,11337,16316,14489.0,12662,13766,12653,14523,11651,17082,8168,9849,5053,7698,14230,9949,7731,15064,12386
15074,16493,15328,6072,7920,4303,17499,16993,4106,13052,7380,15151,10481,13632,3863,11475.0,19087,11299,13136.0,14973,3709,14546,16000,19890,12334,15049,13336,10266,7641,18692,16877,16461,9545,14623,17175,6193,12454,10464,15035,3332,4271,13835,5126,9975,19640,12697,17293,15032,8517,11779,7625,3232,3295,18815,18297,17402,19340,17005,8120,13939,8749,4259,14292,12358,13699,14824,14509
5970,17439,6955,13179,6355,14747,5306,8423,9692,5315,7131,16208,8724.0,4066,8440,12491.5,16543,3922,8509,5629,15851,6008,3797,6733.5,9670,18064,9869,12666.0,15463,19489,19933,5849,10414.0,14979,12494.5,10010,15600,4700,11838,10639.5,19208,19191,5915,16364,9918,18418,5725
9138,19828,12719,3801,12905,7629,16209,15123,16687,10775,14442,11577,18959,18498,19460,8481,18300,16724,13962,7947,3897,18123,10436,17362,9918,4746,12139
18077,14670,11845,5944,14198,15785,13420,7654,13633,4500,3629,17104,13442,14462,9653,16395,12917,10371,15900,7796,10385,3710,10715,17463,10798.0,4133,9299.0,14465,9618,15590,10271,16781,14527,10455.0,19048,19474.0,19900,9963,4891,3261,10788,5975,8934,8515,9614,15332,14391,9835
5096,7398,16704,19893,17842,17564,9285,9147,3973,8558,10744,4345,16210,3046,5656,9825,3982,10670,10175,14473,13703.5,12934,19376,11152,7256,3871,16555,17655.5,18756,16312,14618,17506,15163,10434,10858,10525.5,10193,17760,13884.0,10008,12020,4209,15528,8946,9498,7793,19569,15783,13571,19689,19342,15061,16650,11574,15425,10112,13179.5,16247,15275,9860,9953,4714
7196,10345,15521,12012,15928,15137,18297,4179,17968,3399,16895,11757.0,6619,18319,11023,10062,8412,13543,15705,3361,15656,17895,12193,7839,9860,12375
12089,4179,17061,6908,6501,17123,12687,14512,9619,3041,8760,4757,19437,10603,14540,12539,4346,10872,12709,6618,17442,14089.0,10736,16881,10958,4607,12565,15270,11746,10549,10866,14952,7413,11767.5,16122,8189,14645,8190,8456,19957,17763,11598,10649,11782,3899,17228,14788,15026,10922,10456.5,9991,16232,15508,16322,14618,14850,9431,4694,15901,12605,14212,9528,12103,3975
13862,18959,7574,19888,6142,10337,10631,13598,8416,18501,7746,10247,12352,15937,16627,16405,14256,3083,13676,16180,8194,17946,15850,4965,13082,9620,6705,5053,6747.5,8442,6105,7205,14252,19778,7480,10160.0,12840,12235,19571,15723,14608,5920,16626
11734,19377,5101,5299,15479,15863,12716,4289,5238,19691,13915,6952,15877,4537.0,7964,7669,12129,11796,7260.0,10767,19217,8073,7595,14352,9540,19418,18995,3285,6149,8740,14056
10693,11730,9093,9991,15352,4561,10407,16695,7801,6488,13871,15933.5,17996,12589,8845,17273,8440,5111,14021,17998,10361,17732,17425,8671,6655,16599,12197,8667,7723,8425,7048.5,5672,4957,10146,17859,7447,14312,8052,14255,15954,17958,10025,3272,15156,14035,11244.5,8454,12349,8003,6408,10584,10226,17691,8911
18467,7846,10492,7583,4429,9662,15026,11125,16885,3326,10291,17476,14883,9155,7788,12012,18001,4372,13391,15318,8265,14244,9567,17405,14052,17047,3340,14299,18784,9940,11155.0,19989,11930,17884,19961,12753,3683,13506,12450,9004,17820,7569,3949
4268,3219,6782,9577,14842,19350,5441,8584,5192,9592,16384,13631,5582,4142.0,18557,13791,14532.5,15274,4143,3316,14160,4672,19540,12176,3515,6092,11036.5,15981,3122,19277,15446,3105,4407,10164,4159,5512,6547,4492,11132,12818,15081,14534,5589,14644,6113,19193,15761
10905,15009,16356,5369,10544,12582,19757,17533,10707,10302,10736,12937,17502,18766,14305,4927,11768,17855,19279,10569,8385,3454,8688,4810,13388,19251,7391,18151,7564,15062,16990.5,18919,14385,13740,19231,8298,3069,17024,17323,19231,10462,11208,15574,3966
13820,9679,14783,5626,11761,7427,4730,6634,14316,19986,12172,16686,9065,8447,14229,10075,12549,10656,4318,10869.0,17420,7153,17052,12057,3382,11906,5568,14005,7874,6936,13839,3517,14224,11972,4687,9879,7261,15742,13957,14208,7497,10176,15114,3043,16343
18960,11566,13919,10575,12598,19537,5014,3121,3332,19702,14386,7935,16828,11645,6834,16298,12490,16394,14900,16530,7726
7333,8183,10430,18065,14405,5487,11707,15084,5133,15966,10316,15952,8048,11921,8384,17536,3399,5320,10270,11710,6748,7235,5602.5,3970,13445,11974,18851,17525,15289,10671,4790,17076,5988,7140.5,8293,13721,18763,7723,4471,14191,7790.0,13402,10804,8455,7008,11314,12831,11996,8029,6447,4859,18911,10724,12005,10421,14158,10911,6108,12772
8694,10530,9949,6949,16116,17382,3669,9804,7368,9864.5,12361,15877,17007,19824,3128,17079,16052,15983,5252,9137,19572,16032,19408,14542.0,9676,10814.5,19318,15576,15844,4263,8226,9697.0,11168,14037,19488,15681,11668,7435
17482,9035,5862,14570,9579,14182,7179,9149,15870,3443,4609,16369,11456,4628,5831,7534.0,9237,17476,3478,16453,3983,8321,11909,16306,19917,4045,5057,16532,11983,12509,9940,9622,16296,18315,5578,5834,8260,9370,9209,10141.5,11074,3321,8737,8159,6469,7712,11384,4274,5585,17459,4516,6192,11073,7984
15666,4870,14199,10744,7857,12485,19896,8108,5870,5808,4630,14441,3358,10240,19685,9995,15474,19171,13065,18874,17603,3860,6207,10073.0,13939,14996,11471.0,7946,17624,19341,16673,7552,5556,5830,5051,18066,10320,12878,6604,3714,12297,16263,7149,10444,8278,4775
10015,11079,9253,19625,18977,4802,5527,16341,12228,19466,5402,16676,10883,9594,5085,17935,11871,3178,10637,17774,9236.0,9619,11376,12396,14989,8994,13808,18100,7076,10544.5,14013,14507,11167,8413,15815,6970,18612,18078,6447,5174,11669,15174,17095,11148,5897,12351,3877
18722,6676,5143,14955,16507,12908,6522,13674,4958,17057,4112,5083,5381,11147,9762,3127,3905,12877,8502,13340,11463,3525,17872
5184,5835,14340,13803,6024,13084,19346,19749,12727,8104,14287,18244,7878,11776,14503,11121,5639.5,9432,8515,6210,9989,11028
15927,19910,7539,16073,14667,7720,14240,11525,13721,9354.5,4988,12490,7241,4894.0,3032,14223,12214,7365,7149,11094,8078,15590,15283,18600,5138,16694,15786,10672,7802.5,4933,6324.5,7716,8768,8438,18063,18499,16605,7849,19240,18252,4572
9142,5862,19804,9629,10510,19137,6597,6377,17808,16403,6842,4461,3963,15568,5288,15485,5341,11529,16244,11976.5,7709,7751,6232,9561,12732,15113
12529,9457,9227,13148,7710,19469,11010,16423,9445,6003,6913,10466,7934.5,5403,12655,8214,14240,4899,9766,4240,17605,17865,18000,14519.0,11038,5168,15835,14294,11870,7024,19650,16395.5,13141,8343,3574,15805,17397,12351,6003,16521,17608.5,18696,19998,17048,6385,9126,18149,8816,8893,8011,8372,18972,10726,7271,10248,19586
5121,5036,19112,11955,5291,12484,17306,16717,11487,10397,8161,13596,17199,11931,5461,15967,6046,19137,16418,10408,6428,19896,3408,16992,6240,18214,13074,3441,13693,15642,3623,7825,12986,19453,7237,8749,3958
10931,16952,16572,7669,6122,8512,3901,13108,7049,10960,10598,10993.0,11388,14890,18512,19879,10584,15633,11299,3951,10495,13489,5503,5939.5,6376,10995,15466,12123,13981,7081,13341,16767,9183,19932,19401,15140,13155,11810,13822,14046,9832,13884,12761,12044.0,11327,16891,7480,15965,9407,12055,10274,5133,15482,18129,10807,8410
5883,5612,5540,17823,10686,11979,8029,17966,6945,9549,16725,9131,7836.0,13849,4093,4855,19844,7456,11982,8460,18779
12437,3227,3752,5844,4495,10144,13317,8832,7640,11115,12459,17774,19748,5512,5216,6492,7935,4932,9732.5,14533,11828,19723,17588,13278
5245,3594,9526,10341,15943,10493,10219,11319,10591,11484,11040,19618,11216,7163,17896,14552,5439,16718,7164,5582,5112,16526,19730,15711,4173,19857,17674,12058,18822,16012,17351,6031,12965,16160,5728,10584,5455,17242,13617.0,9992,12543,14127.0,15711,11821,5010,17463,8931,15574,8770,4450.5,9189.0,18247,18848,7434,14237,16608,18458,19310,9828,6734,17365,10256,19347,11582,11951,16743,9326
14397,19073,5179,14843,14250,14896,8761,16899,11585,12069,18152,15919,4817,14982,8185,4524,12422,6442,14310
18686,10074,6281,18003,7441,17824,10061,4903,3870,19492,14522,13873,12135,14574,11700,16764,7532,3076,13217,17636,13451,18053,7864.5,13830,8946,14525,7908,8075,17918,4242,17173,16075,19939,17313,17406
13460,13657,3480,5893,15687,7257,7657,12503,18161,17891,17132,11128,16796,16592,14123,10652,15084,12487,12249.0,12011,3216,18689,15275,10864,16442,12317,9720,6315.0,8146.5,13383,8226,17545,12235,13511,13074,4744,14684,19998
14316,12373,3395,17922,12202,8032,5593,13211,10082,13425,16071,18730,8893,15936,3542,15821,17199
6851,17317,11560,3894,14861,9258,13695,5917,11970,16497,17579,12080.0,6581,15577,8020.5,13558,8948,11523,16944,4476,13005,7891.5,12961,6824.5,13832,12014,10587,18956,11713,16448,11936,14616,6456,7633.0,8810,19498,18935.0,18372,4967.5,8760,8837,19776,13957,11748,10545,15700,9207,5615,10590,19410,17966,6869,19801,10597,12760,16781,7851,7613,4750,7192,6597,16582,18213,10737,5254
13299,17559,19659,16531,18797,14465,5014,7854,15118,4473,8386,16757,12510,9806,18678,5033,11070,12696.0,14322,12005,14471,14014,3804,17850,18116,5197,15054,18876,8549,8638,11570
5781,3588,6321,8491,8349,10928,18941,9643,15895,5844,5485,16725,17266,17125.0,16984,3661,9580,19115,18988,11863,7214.0,4244,16031,7902,10841,4007,10425,12845,6293,8756,16116,14201,17081,10000,12506,13022,10923,8128,4742,3617,13909,4464,15649,7053,5307,11826,18499,16720,4996
12215,3708,4382,10760,16661,3934,6024,11130,8053,16640,15138,12904,9621,18565,18261,10477.5,5646,10334,11814.0,13294,12857,13487,13976,3804,15748,15200,8262,6458,11606,12395,17229,10715,14305,10341,9885,16343,5201,11308,5131,4893,8948,10407,15389,14212,14143,15692,12458
5378,4175,13623,7296,14000,5313,6933,16189,5383,9795,12375,15547,14861,15176,8819,5859,10451,16783,16071,7927,17806,4718,14392,18423,19530,12867,9080,16811,14102,18575,14084,14802,9379,7273,17201,14806.0,12411,11995,11383,11909.5,12436,12236,9208,15186,15054,15619.5,16185,18811,10744,11150,19221,13786
8875,7284,19967,5965,13962,18682,11006,17019,13116,19796,5860,3887,12098,10485,15573,4636,8287,16410,13723.5,11037,10638,13326,15992.5,18659,19017,6274,9108,5929,12722,17049,16600,11762,7632,5278,3802,16030,6656,15924,18743,11291,11077,11619,17563,14365,8935,12406.5,15878,10832,8057,9034,7984,18911,19287,9970.0,8093,15379,3287,19617,12661,4499,8382,16275,11843,11750
11080,10269,11963,10622,8168,18193,5395,19423,16784,9499,17104,6479,12961,15335,19324,17838,10832.0,3826,5029,13875,19534,5717,16366,7406,6014,5457,13085,3447,7235,18744,13406
12234,10692,8009,9341,17773,8562,18979,15945,3152,5222,8789.0,17436,17411,16613,3967,5414,8705.0,11996,13513,17270,9592,6829,5741,7806,5194,16293,19829,8326,17468,5504
4701,16908,16580,6122,18453,12833,13336,9619,12358,12349,4675.0,8778,11098,11303,17537,4820,5992,14539
10351,16967,11414,7289,18568,5504,8624,19117,5914,9310,16741,7026,13927,5433,12739,4223,18390,4619,19753,13667,17572,14459.5,11347,13776,6751,10156,10530,4458,18165,8929,5321,13431,7933,6373
13625,9836,6612,4858,8093,3529,7593,10226,7285,6843,18313,4624,19153,8051,12875,18260,10753,10102,14732.0,19362,14358,10257,17895,9852.0,6855.5,11902,11073.0,10244,9309,11210.0,13111,14037,4268,16935,9420,16844,7180,10667,11091,12667,7960.5,3254,9644,13352
11252,3505,11967,18393,13618,15502,19834,15232,17256,18220,9822,14901,19920,6706,5759.5,4813,4033,4269,5085.0,5901,6247,18180,19658,5233,4373,19996,16346,9402,13733,8229
15006,12113,13856,14568,4830,9855,6415,4680,14671,18384,16654,6767,8397,8433,11829.0,15225,16873,9957,17896,18433,4793,13723,10042,11590.5,13139,16166,11632,12548,19782,13289,7981,16101,7454,4581,19795,15854,9728.0,16692,7608,13924,8026,7274,4439,17315,9362,4752
9511,4582,4554,12802,5925,9769,13198,8196,16680,3239,6529,15997,19367,5912,3587,18413,10925.0,3437,9549.5,17081,5873,17892,14652,8280.0,6482,7461,17832,12971,8649,9279,8133,6004,15389,16816
15354,3691,16563,16234,5469,6855,4573,9802,8157,7912.0,7667,7541,13109,7901,15570,13704.5,11839,8051,8049,8704,11263,15474.5,19686,13630,4919,4502,15209,4918,16899,18713,16889,7170,16406,10545,12912,10609,3796,10932.5,18069,11881,14771.0,17661,8745,3973,14810,6656,19753,11621,4830,9804.5,18517,12152,15337,16099,12568
13979,4551,4324,17471,18670,18277,7538,4751,8266,6818,6772,11822,6709.0,14852,10425,6546,3301,5863.5,8426,14328,13912,11159,11715,10923.5,10132,7802,10584.5,13367,7726,9974,17648,6491,8047,10721.5,13396,11086.5,8777,14594,12649.0,10704,13468.5,16233,16950.0,17667,8000,3985,19616,14368,5723,11573,16508,8527,9113,4772.0,9257,9286,16269,11798,18415,4531,13417,18104
3979,9802,4300,3355,15222,18734,10713,15390,4046,18144,8460,13833,16606,8655,9775,13110,12217,18872,3390,19850,3576,11420,14342,12749,7554.0,4064,10835,9542,14500.0,19458,7924,15807,15441,5627,15803,17088,17906,10098,5212,4087,12675,11646,5175,17911,10106,16629,16676,12453,10218,9211,16778
8226,13499,13732,19396,4588,4376,3994,7313,7605,18363,15339,14851,7296,6500,7678,8137,6177.5,4218,7200,19931,10500,5447.5,18618,12677,5311,7864,10867,8485,5237,10560,9560,17792,10404.5,17207,4097,16623,10601,7234,4289,14090,9352,6013
11822,13100,13402,14502,16288,18690,13479,18439,12529,8185.0,3841,13661,10963,9102,13508,3367,18333,12072,8561,9885,10522,3740,15351,10343,6489,16721,3860,3354,16536,11309,13654.0,15999,7352,16331,17013,3843,4313,7549,9710,16302,9951,4488,11332,6167,15125,6707,19897,12012,7830,3471,3345.5,3220,7962,19424,3496,16538,12573,7191
15406,18574,8471,3128,6751,12410,15861,13460,15547,3369,19300,9403,10824,15873,5907,4244,18384,15789,11594,6217,5923.5,5630,11202,16325,12778,16802,4260,6205,3986,3600,6920,9138,19750,5102,11215,3733.0,6103,8634,12650,9994,11786.5,13579,7194,16902,16793,15295.5,13798,18608,19715,11145,18919,12058,3268,4839,16204,5784,18774,13316
4910,9661,7380,6313,13846,16152,14709,17434,17732,4711,13265,10685,9458,10844.5,12231,16485,7392,8805,7170,11467,9830,12462,3995,8361,6501.5,4642,11132,6739,18899,11111,13078,3691,12246,11163,5874,10816,6924,10307.5,13691,9094,11100,17795,15138,15106.5,15075,9619,10100,4756.0,6606,11125,6288,6401,19980,11802,10534,14588.5,18643,15087,10808,14977,15470
13836,8187,17187,5094,5595,14154,19269,19300,8570,14771,15982,14771,18859,5426,18192,5610,6315,9547,19847,13403,3699,16965,5376,14140,4663,4734,8482,6694.0,4906,10548,6834,15719,15185,17130,11871,9058,16056,5165,14925,9184,5367,8736,8442.0,8148,12090,6412,4762,10226,5919,16170,9218
13583,3613,5833,14421,17399,3681,5520,10589,7190,17949,9482,7543.0,5604,13034,8504,17783,10222,12518,3739,15599,12666,8320,16024,14168,3943,9943,5530,4601
7378,4952,17390,13965,12275,8937,14461,9670,18922,19831,3405,12178,15660,17780,12969.0,8158,17074,18182,13495,13627,10325,3570,10283,18771,7117,6197,7539.5,8882,3356,12067,3797,4588,13069,17428,14230,10279,19150,15545,17206,18848,7637,8222,5670.5,3119,8942,11109,14539,8129.5,16133,10342,19405,18064.0,16723,3907,8490.5,14889,7244,8766,5463,15593,13345,18758,19189,13701.0,8213,14345,9658,9749,13792,17542
12692,6935,13207,9908,9047,19304,7934,19291,7704,12002,8261,18500,5412,4875,5749,9588,6846,7199,15551,4984,10576.5,16169,18564,14924,10389,5172,4688,9845,13884,10083.0,19312,16434,10965,15606,12817,10000,10974.5,11949,5113,10028,8358,13891,4372,11018,10252,15307,10171,5786
3740,16624,5682,12059,18131,7725,19332,3935,13169,13995,12002,19794,19300,4963,19764,12848,3213,9867,8161.5,6456,18581,4660,19963,17036,14267,5884,12236.5,18589,19004,9126,3673,5387,5344,9443,7262,18052,8387,6866.5,5346,14389,15252,5726,13473,7429,17293,12197,12956,15268,12110,18816,17227,15375,14643,11682,15847,13578,18027,9054,15401,5632,14979,11684,7280,16871,9780.0,15856,15647,9955,8770,10862,10105,7800
6989,11673,18292,13619,18548,4652,4618,17261,13021,13855,8649,7090,4510.5,13514,12262,6770,17451,17468,15120,8547,13906,19523,12376,8385,19687,5465,11647,3902.5,5177,11565,9482,11375,12505,14046,19039,19113,11359,3410,5797,16608,19510,9470,8517,4738,5034,3698,13728,11959,12588,6304,11108,6647,8564,5271.0,8905,13877.0,18849,17166,12330,13286
4459,14946,17028,16971,15699,15077,17244,14175,17989,17171.0,16353,7686,4779,7089,3480,8165,10702,9844,8525,13273,9326
14628,11501,5739,16922,12916,19287,14592,4819,6886,12373,8214,13636,12691,5456,4756,12118.5,19481,8571,14174,17662,5045,12819,16269,13739,10549,17462,18282,14610.5,10939,5531,13860,9062,3551,11239,4843,16776,13477
16102,10277,8386,12531,19652,7082,5255,5036,3574,4151.5,4729,11122,6331,8278,5459,7158,6146,11633,14236,6245,8931.0,11617,12921,6299,12975,19501,3729,17110,18376,5166,12565,7772,14428,14663.0,14898,3190,15331,19939,6420,12508,14247,14321
