-15882009322
8197914808
3281459458
6361829948
-7854465852
4557535395
8214645704
-3276413165
8213303625
5537435876
-5521996394
-13323179873
-3948497182
-11505706164
9437328826
8659788556
-10147232808
-954948948
4171063920
-17614491835
-695395184
-2550382706
7240779822
1481696303
-6343379488
3409785806
-5359911550
-20170757699
5800117116
-2770939456
6177466885
2102641659
10171141245
12546079214
-1240922430
-6346507640
5849727028
-2487330621
6508281536
4636311672
-4752350187
9923172201
-1130447358
-3722120381
12937832395
5993530807
-3763655337
-9998717235
990572683
5719518272
-11973405725
-1244408162
47183121
2085689115
-1750902868
10816279984
4391979139
3267957897
5940408804
